随便代数进程序，很多数据不在region里面，在region里面的数据有特征
theta_i array([0.67097527, 0.58589407, 0.16005766, 0.39419785, 0.77378564])
theta_j array([0.36921719, 0.76695643, 0.65738361, 0.51373805, 0.72209552])
x_i array([ 0.03982759,  0.63754012, -0.9156309 ,  0.15406286,  0.85892776])
x_j array([-0.59791333, -0.995759  ,  0.60742292, -0.50880488, -0.99341283])

#lambda:[lambda_i,lambda_j], num:[num_i, num_j], f:[f_i, f_j]
lambda[30,30,30,30,30,30],num[31,30,30,30,33,32] f[32.30, 33.08, 33.43, 29.88, 29.73, 29.96]
lambda[32,33,33,30,30,30],num[33,32,34,30,31,30] f[31.64, 31.71, 31.56, 30.83, 36.73, 30.01]
lambda[31,31,31,31,36,30],num[33,31,32,31,36,31] f[34.18, 34.62, 33.67, 30.77, 35.85, 27.94]
lambda[34,34,33,31,36,28],num[34,33,34,33,36,27] f[32.80, 34.54, 32.94, 31.68, 39.49, 28.40]
lambda[32,34,33,31,39,28],num[33,34,31,31,39,28] f[34.87, 35.16, 33.83, 30.68, 38.97, 26.91]
lambda[35,35,34,30,39,27],num[34,35,34,29,40,27] f[34.74, 34.92, 33.89, 30.10, 44.45, 27.02]
lambda[34,35,34,30,44,27],num[33,36,33,30,45,25] f[35.92, 35.27, 38.14, 29.88, 43.71, 26.96]
lambda[36,35,38,30,43,27]